Step	Temp	KinEng	PotEng	TotEng	Enthalpy	c_RG
0	300	803.92447	2176.5688	2980.4932	3829.1731	10.903348
100	303.96227	814.54236	2567.2481	3381.7905	4107.9274	10.946556
200	291.50484	781.15959	2333.1574	3114.317	3067.0273	11.072741
300	317.10813	849.76994	2136.5775	2986.3475	3042.7506	11.224542
400	295.23792	791.16329	2014.3703	2805.5336	2632.7357	11.384371
500	298.27654	799.30603	1857.0531	2656.3592	2585.9564	11.534752
600	311.55136	834.87921	1802.845	2637.7243	3028.1783	11.66302
700	317.73888	851.46019	1681.2989	2532.7591	2217.1498	11.758216
800	294.17969	788.32752	1702.2426	2490.5701	2414.2351	11.821825
900	309.96893	830.63869	1679.479	2510.1177	2755.3024	11.8771
1000	303.68439	813.79771	1657.8895	2471.6872	2840.4394	11.921338
1100	300.12026	804.24673	1665.5508	2469.7975	2393.3437	11.976079
1200	291.72256	781.74301	1604.1503	2385.8933	2269.8977	12.017844
1300	300.0244	803.98986	1568.0694	2372.0592	2428.035	12.066189
1400	320.56225	859.02613	1560.6586	2419.6847	2209.5574	12.130259
1500	304.43174	815.80042	1504.7414	2320.5419	1970.1882	12.182991
1600	293.88944	787.5497	1525.3155	2312.8652	2854.0641	12.22409
1700	288.5196	773.15988	1456.2442	2229.4041	2240.1577	12.23714
1800	301.96013	809.17713	1402.8609	2212.0381	2233.8538	12.227434
1900	290.70007	779.00299	1428.6056	2207.6086	2272.9892	12.202292
2000	298.54116	800.01515	1391.7339	2191.749	2541.9329	12.18779
2100	299.38598	802.27904	1446.3133	2248.5924	2323.2838	12.206514
2200	310.63711	832.42924	1444.3433	2276.7725	2191.598	12.247698
2300	292.89517	784.88531	1460.2109	2245.0962	1778.4819	12.290732
2400	309.26653	828.75643	1389.0202	2217.7766	2067.4684	12.327769
2500	305.26658	818.03757	1418.7975	2236.8351	2182.1317	12.371997
2600	300.68937	805.77182	1394.8778	2200.6496	2591.5706	12.45354
2700	286.1712	766.86676	1383.3804	2150.2472	1942.6712	12.550466
2800	313.85544	841.05357	1346.6791	2187.7326	2333.2902	12.635401
2900	306.67162	821.80274	1307.3057	2129.1084	2143.6597	12.705449
3000	291.98738	782.45267	1413.6642	2196.1169	2218.3206	12.752814
3100	289.00429	774.45873	1361.6675	2136.1262	1926.904	12.764774
3200	312.32021	836.93953	1410.3855	2247.325	1873.5301	12.775798
3300	289.51923	775.83865	1359.9541	2135.7928	1881.49	12.781201
3400	282.77096	757.75498	1343.1254	2100.8803	2216.0735	12.763487
3500	299.64291	802.96755	1329.748	2132.7156	2121.1917	12.739239
3600	313.23666	839.39539	1273.2093	2112.6047	2222.8545	12.699955
3700	297.01499	795.92541	1291.7279	2087.6533	2319.9853	12.682329
3800	292.34563	783.41268	1329.7879	2113.2005	1816.211	12.707957
3900	278.83009	747.19444	1294.2003	2041.3947	2224.8467	12.760727
4000	310.50951	832.0873	1275.9501	2108.0374	2096.9587	12.82045
4100	304.56956	816.16974	1302.5817	2118.7514	1925.39	12.861316
4200	312.65433	837.83489	1306.7866	2144.6215	2382.8645	12.896439
4300	313.38437	839.7912	1322.4765	2162.2677	1920.8575	12.943762
4400	294.27931	788.59447	1307.2798	2095.8743	2616.1229	12.991189
4500	286.26254	767.11154	1296.1866	2063.2981	1829.1824	13.044037
4600	303.76428	814.0118	1260.5337	2074.5455	2085.769	13.088951
4700	290.63789	778.83638	1277.5917	2056.4281	1933.8429	13.12457
4800	300.54859	805.39455	1312.5486	2117.9432	2558.5607	13.150396
4900	309.88082	830.40258	1304.5511	2134.9536	2048.5365	13.182676
5000	308.86033	827.66791	1288.4431	2116.1111	1834.1276	13.21633
5100	300.19035	804.43456	1290.6449	2095.0794	1911.7755	13.242866
5200	289.91027	776.88654	1297.3577	2074.2442	2315.7724	13.247662
5300	312.52696	837.49358	1252.5258	2090.0194	2228.7909	13.2515
5400	286.14743	766.80307	1267.9145	2034.7176	2038.7699	13.241713
5500	300.70209	805.80591	1306.167	2111.9729	2490.2045	13.249426
5600	295.70151	792.40561	1268.9251	2061.3307	1783.8563	13.295358
5700	292.7501	784.49658	1293.8864	2078.383	2262.9429	13.365528
5800	282.91595	758.14353	1265.4804	2023.6239	2215.4601	13.454334
5900	309.38036	829.06148	1235.9262	2064.9877	2146.1685	13.535252
6000	305.46365	818.56569	1226.2604	2044.8261	1747.2569	13.626271
6100	293.79097	787.28583	1272.3525	2059.6384	2432.2968	13.69868
6200	297.48777	797.19233	1272.5737	2069.7661	2345.6019	13.74607
6300	308.61249	827.00379	1246.322	2073.3258	1701.3704	13.790097
6400	302.69342	811.14215	1288.3971	2099.5392	1669.14	13.829566
6500	308.75974	827.39836	1252.8693	2080.2676	1810.6457	13.870356
6600	304.37066	815.63673	1257.0402	2072.6769	1885.865	13.906309
6700	301.25266	807.28128	1269.5785	2076.8598	2440.0493	13.949924
6800	300.01754	803.97146	1259.7493	2063.7208	1911.3704	13.993582
6900	298.06898	798.74982	1220.2444	2018.9942	2001.6273	14.041422
7000	295.92193	792.99626	1256.5727	2049.569	1629.8478	14.098061
7100	289.82199	776.64996	1246.0817	2022.7317	1337.3944	14.139864
7200	306.25331	820.68176	1239.5619	2060.2437	1667.6054	14.170606
7300	291.74161	781.79406	1253.4736	2035.2676	1709.129	14.193088
7400	296.83482	795.44258	1247.1295	2042.572	1780.9632	14.218847
7500	293.75726	787.19551	1207.8483	1995.0439	2059.5835	14.237663
7600	300.72007	805.85409	1237.6574	2043.5115	1848.1404	14.255027
7700	289.29422	775.23568	1265.05	2040.2857	1951.0456	14.276392
7800	307.27363	823.41596	1209.2086	2032.6246	2353.3409	14.299236
7900	305.21848	817.90868	1247.8418	2065.7505	1793.201	14.316465
8000	307.72298	824.62011	1259.7278	2084.348	1796.1196	14.325242
8100	291.52988	781.22667	1229.2212	2010.4478	1648.3638	14.344564
8200	291.26408	780.5144	1241.5144	2022.0288	2459.7882	14.366911
8300	300.39274	804.97692	1257.2281	2062.205	2025.562	14.40053
8400	305.39385	818.37863	1266.1941	2084.5727	1826.1862	14.433104
8500	300.55487	805.41139	1229.6132	2035.0246	1769.7239	14.457757
8600	302.1553	809.70014	1268.5579	2078.258	2209.2858	14.472511
8700	290.05577	777.27643	1243.0466	2020.323	1869.275	14.475385
8800	305.99778	819.99702	1256.9032	2076.9002	2155.9821	14.463663
8900	296.54799	794.67396	1201.3973	1996.0713	1782.0929	14.464359
9000	297.89193	798.27537	1255.541	2053.8164	1871.4964	14.479982
9100	296.31171	794.04079	1231.505	2025.5458	1707.8647	14.511713
9200	297.07775	796.09358	1247.5613	2043.6549	2252.8234	14.54236
9300	286.03675	766.50647	1178.7599	1945.2664	2196.235	14.565373
9400	302.97804	811.90488	1232.8505	2044.7554	1875.8355	14.58962
9500	296.12664	793.54485	1233.2691	2026.8139	1827.6824	14.610597
9600	284.58916	762.6273	1236.2134	1998.8407	2116.8769	14.633623
9700	301.3922	807.65522	1228.3715	2036.0267	2083.9257	14.666033
9800	314.16251	841.87642	1240.6962	2082.5726	2229.0051	14.700905
9900	305.03778	817.42445	1221.4756	2038.9001	1368.9755	14.731927
10000	302.38045	810.30347	1253.3056	2063.6091	1946.3468	14.758272
